PIC150.jpg,5,0,2251,800,323,499,cow,1,2754,490,251,261,cow,2,3348,584,215,211,cow,3,3393,802,399,128,cow,4,3227,918,457,158,cow
PIC151.jpg,5,5,2224,800,396,473,cow,6,3255,916,411,178,cow,7,3369,781,441,158,cow,8,3387,600,173,188,cow,9,2751,493,266,260,cow
PIC152.jpg,5,10,2215,785,347,533,cow,11,3224,901,457,206,cow,12,3390,807,354,130,cow,13,3363,600,203,199,cow,14,2706,482,324,273,cow
PIC153.jpg,5,15,3276,916,374,171,cow,16,3393,794,345,119,cow,17,3363,580,209,206,cow,18,2670,490,396,248,cow,19,2224,800,384,488,cow
PIC154.jpg,5,20,2206,840,432,457,cow,21,3309,890,335,188,cow,22,3390,794,345,153,cow,23,3390,595,197,193,cow,24,2766,510,248,250,cow
PIC155.jpg,5,25,2242,826,417,455,cow,26,2760,486,273,293,cow,27,3324,584,251,200,cow,28,3414,789,336,132,cow,29,3300,901,372,162,cow
PIC156.jpg,5,30,2206,840,396,430,cow,31,3270,898,389,185,cow,32,3393,796,351,147,cow,33,3348,578,260,208,cow,34,2742,510,315,239,cow
PIC157.jpg,5,35,2203,855,546,422,cow,36,3237,885,419,191,cow,37,3378,789,417,150,cow,38,3339,600,260,188,cow,39,2763,486,285,261,cow
PIC158.jpg,5,40,2224,840,486,489,cow,41,3306,888,338,201,cow,42,3390,785,450,149,cow,43,3321,602,314,177,cow,44,2763,514,282,241,cow
PIC159.jpg,5,45,2203,844,522,453,cow,46,3249,901,413,188,cow,47,3381,794,414,125,cow,48,3366,602,239,186,cow,49,2718,480,315,262,cow
PIC160.jpg,5,50,2227,844,429,463,cow,51,3267,901,414,199,cow,52,3375,794,405,151,cow,53,3336,573,227,220,cow,54,2718,508,312,234,cow
PIC161.jpg,5,55,2218,820,450,352,cow,56,3276,888,368,214,cow,57,3393,789,354,152,cow,58,3378,576,218,203,cow,59,2742,497,279,263,cow
PIC162.jpg,5,60,2227,826,426,327,cow,61,3291,903,353,184,cow,62,3411,789,318,139,cow,63,3372,610,191,180,cow,64,2778,490,243,268,cow
PIC163.jpg,5,65,2185,754,254,364,cow,66,2697,552,236,306,cow,67,3288,898,341,237,cow,68,3366,794,387,136,cow,69,3327,602,254,186,cow
PIC164.jpg,5,70,3375,580,155,213,cow,71,3417,789,303,130,cow,72,3273,903,374,186,cow,73,2673,569,278,232,cow,74,2124,744,342,334,cow
PIC165.jpg,5,75,2170,752,266,337,cow,76,2685,549,233,320,cow,77,3261,901,389,201,cow,78,3399,770,372,158,cow,79,3396,624,155,162,cow
PIC166.jpg,5,80,3357,580,182,210,cow,81,3402,802,357,126,cow,82,3258,901,432,204,cow,83,2655,569,329,322,cow,84,2112,768,336,334,cow
PIC167.jpg,5,0,2161,741,266,368,cow,1,2652,558,299,307,cow,2,3297,907,353,182,cow,3,3402,798,348,139,cow,4,3363,593,239,195,cow
PIC168.jpg,5,5,2161,754,260,346,cow,6,2700,569,236,311,cow,7,3276,912,374,164,cow,8,3396,800,345,134,cow,9,3387,600,191,193,cow
PIC169.jpg,5,10,3363,593,209,191,cow,11,3417,796,333,141,cow,12,3243,903,462,195,cow,13,2658,534,284,328,cow,14,2200,746,227,354,cow
PIC170.jpg,5,15,2170,744,236,295,cow,16,2655,549,275,335,cow,17,3369,589,176,206,cow,18,3399,800,360,130,cow,19,3194,905,478,189,cow
PIC171.jpg,5,20,2158,759,287,282,cow,21,2670,556,305,339,cow,22,3246,905,410,193,cow,23,3384,789,348,154,cow,24,3378,586,185,204,cow
PIC172.jpg,5,25,2390,560,169,226,cow,26,2652,536,182,272,cow,27,3339,569,221,215,cow,28,3363,794,456,136,cow,29,3237,916,447,167,cow
PIC173.jpg,5,30,2402,536,175,243,cow,31,2637,536,212,263,cow,32,3375,578,197,215,cow,33,3351,798,468,132,cow,34,3200,914,517,186,cow
PIC174.jpg,5,35,2378,530,187,258,cow,36,2643,530,218,284,cow,37,3342,576,257,221,cow,38,3432,796,351,132,cow,39,3224,903,466,199,cow
PIC175.jpg,5,40,2456,549,118,241,cow,41,2579,519,306,306,cow,42,3360,580,239,206,cow,43,3387,792,429,136,cow,44,3224,905,442,197,cow
PIC176.jpg,5,45,2378,525,190,265,cow,46,2604,523,248,296,cow,47,3384,578,194,223,cow,48,3411,802,366,115,cow,49,3249,918,435,195,cow
PIC177.jpg,5,50,2353,523,200,263,cow,51,2637,519,227,298,cow,52,3363,567,218,223,cow,53,3423,800,342,130,cow,54,3230,909,502,206,cow
PIC178.jpg,5,55,2338,541,236,258,cow,56,2652,519,239,298,cow,57,3348,578,227,204,cow,58,3351,798,441,125,cow,59,3194,905,538,215,cow
PIC179.jpg,5,60,2429,541,182,232,cow,61,2682,525,206,281,cow,62,3375,586,212,191,cow,63,3420,796,318,132,cow,64,3252,916,444,210,cow
PIC180.jpg,5,65,3209,905,466,215,cow,66,3381,765,375,165,cow,67,3333,578,296,210,cow,68,2664,536,221,272,cow,69,2441,528,152,260,cow
PIC181.jpg,5,70,2477,486,182,197,cow,71,2664,536,206,291,cow,72,3224,936,435,158,cow,73,3387,785,345,152,cow,74,3321,591,263,195,cow
PIC182.jpg,5,75,2435,475,239,206,cow,76,2643,549,263,292,cow,77,3330,580,230,206,cow,78,3384,809,351,114,cow,79,3237,922,447,180,cow
PIC183.jpg,5,80,3185,903,490,191,cow,81,3372,772,378,156,cow,82,3312,600,299,166,cow,83,2667,541,200,297,cow,84,2438,466,257,204,cow
PIC184.jpg,5,85,2414,462,290,202,cow,86,2655,530,263,311,cow,87,3354,586,230,196,cow,88,3426,789,318,167,cow,89,3252,920,468,152,cow
PIC185.jpg,5,90,3224,912,448,182,cow,91,3396,783,327,151,cow,92,3351,571,260,224,cow,93,2655,560,278,257,cow,94,2531,473,345,134,cow
PIC186.jpg,5,95,2561,490,354,128,cow,96,2634,560,299,283,cow,97,3357,580,200,210,cow,98,3363,796,423,143,cow,99,3255,898,426,183,cow
PIC187.jpg,5,100,3294,573,317,206,cow,101,3423,789,327,130,cow,102,3258,916,401,162,cow,103,2592,752,359,315,cow,104,2613,565,269,223,cow
PIC188.jpg,5,105,2589,752,389,326,cow,106,2598,569,263,224,cow,107,3333,571,248,213,cow,108,3408,770,384,160,cow,109,3240,916,444,178,cow
PIC189.jpg,5,110,2628,536,257,267,cow,111,2534,772,435,304,cow,112,3227,894,487,221,cow,113,3390,748,372,169,cow,114,3312,565,278,208,cow
PIC190.jpg,5,115,2552,770,408,348,cow,116,2582,567,327,245,cow,117,3279,602,296,191,cow,118,3414,774,306,158,cow,119,3230,905,475,176,cow
PIC191.jpg,5,0,2646,538,194,259,cow,1,2564,783,420,221,cow,2,3243,896,395,171,cow,3,3381,778,363,159,cow,4,3300,624,287,171,cow
PIC192.jpg,5,5,2573,772,378,252,cow,6,2625,552,236,241,cow,7,3288,615,266,167,cow,8,3348,792,387,125,cow,9,3234,905,416,178,cow
PIC193.jpg,5,10,2649,528,239,256,cow,11,2601,750,326,394,cow,12,3215,894,420,189,cow,13,3372,776,363,156,cow,14,3288,610,287,191,cow
PIC194.jpg,5,15,2634,706,215,342,cow,16,2528,634,411,180,cow,17,3303,608,281,176,cow,18,3366,798,372,154,cow,19,3291,914,384,191,cow
PIC195.jpg,5,20,2634,704,248,337,cow,21,2507,634,417,165,cow,22,3306,589,260,204,cow,23,3342,805,390,147,cow,24,3255,914,407,182,cow
PIC196.jpg,5,25,2613,717,245,342,cow,26,2522,648,423,164,cow,27,3288,604,290,189,cow,28,3369,807,393,149,cow,29,3312,918,350,180,cow
PIC197.jpg,5,30,2634,706,194,346,cow,31,2534,634,405,224,cow,32,3306,600,263,177,cow,33,3375,796,384,127,cow,34,3215,892,444,189,cow
PIC198.jpg,5,35,2561,634,363,209,cow,36,2619,720,221,330,cow,37,3321,628,248,162,cow,38,3381,802,399,135,cow,39,3258,888,408,190,cow
PIC199.jpg,5,40,2393,641,462,156,cow,41,2625,713,212,346,cow,42,3315,604,290,175,cow,43,3366,796,414,143,cow,44,3224,885,466,200,cow
PIC200.jpg,5,45,2619,713,239,350,cow,46,2396,615,453,221,cow,47,3342,580,188,204,cow,48,3393,792,366,142,cow,49,3221,888,454,184,cow
PIC201.jpg,5,50,2299,650,411,180,cow,51,2661,700,215,363,cow,52,3378,560,176,233,cow,53,3372,802,402,141,cow,54,3227,896,417,174,cow
PIC202.jpg,5,55,2365,578,237,249,cow,56,2667,652,194,289,cow,57,3378,573,197,209,cow,58,3372,796,366,143,cow,59,3230,896,445,182,cow
PIC203.jpg,5,60,2344,556,264,263,cow,61,2664,630,212,324,cow,62,3360,569,224,210,cow,63,3354,805,414,125,cow,64,3255,885,407,217,cow
PIC204.jpg,5,65,2338,571,282,254,cow,66,2631,661,215,258,cow,67,3339,595,230,184,cow,68,3378,798,342,134,cow,69,3215,914,435,167,cow
PIC205.jpg,5,70,2350,567,255,260,cow,71,2667,654,200,326,cow,72,3351,571,215,226,cow,73,3381,802,360,121,cow,74,3243,912,413,151,cow
PIC206.jpg,5,0,2396,606,215,230,cow,1,2700,641,134,326,cow,2,3375,600,179,182,cow,3,3372,798,366,128,cow,4,3246,901,420,166,cow
PIC207.jpg,5,5,2359,589,240,234,cow,6,2718,630,131,311,cow,7,3378,578,206,212,cow,8,3393,809,366,108,cow,9,3203,920,478,163,cow
PIC208.jpg,5,10,2381,565,233,247,cow,11,2691,617,167,346,cow,12,3387,597,161,178,cow,13,3396,792,375,123,cow,14,3234,901,419,186,cow
PIC209.jpg,5,15,2423,558,170,274,cow,16,2676,639,173,337,cow,17,3369,610,209,174,cow,18,3372,789,375,128,cow,19,3264,922,392,150,cow
PIC210.jpg,5,20,2417,569,182,278,cow,21,2706,630,173,311,cow,22,3381,606,206,180,cow,23,3372,807,399,130,cow,24,3215,907,454,187,cow
PIC211.jpg,5,25,2393,556,218,322,cow,26,2667,630,200,398,cow,27,3375,597,188,185,cow,28,3378,800,384,132,cow,29,3300,879,353,208,cow
PIC212.jpg,5,30,2441,573,182,307,cow,31,2691,634,188,322,cow,32,3387,608,158,180,cow,33,3399,783,330,136,cow,34,3246,888,413,201,cow
PIC213.jpg,5,35,2585,556,360,193,cow,36,2730,687,149,356,cow,37,3234,912,441,171,cow,38,3372,774,375,178,cow,39,3396,571,182,213,cow
PIC214.jpg,5,40,2610,552,332,173,cow,41,2739,674,134,361,cow,42,3405,580,161,191,cow,43,3393,783,369,136,cow,44,3246,925,413,136,cow
PIC215.jpg,5,45,2564,556,363,149,cow,46,2715,687,93,367,cow,47,3345,591,203,188,cow,48,3384,800,357,121,cow,49,3240,909,398,167,cow
PIC216.jpg,5,50,2721,689,170,328,cow,51,2601,562,353,191,cow,52,3387,586,182,200,cow,53,3417,794,318,132,cow,54,3255,901,423,184,cow
PIC217.jpg,5,55,2706,761,194,252,cow,56,2625,619,311,130,cow,57,3315,584,257,198,cow,58,3384,798,354,141,cow,59,3203,918,456,156,cow
PIC218.jpg,5,60,2643,774,203,278,cow,61,2613,604,329,158,cow,62,3258,576,296,210,cow,63,3339,800,396,121,cow,64,3185,903,496,171,cow
PIC219.jpg,5,65,2649,744,242,328,cow,66,2649,569,281,154,cow,67,3324,597,230,191,cow,68,3321,805,390,116,cow,69,3230,916,411,178,cow
PIC220.jpg,5,70,2631,571,293,191,cow,71,2637,787,269,313,cow,72,3324,586,248,207,cow,73,3333,816,399,114,cow,74,3218,901,435,186,cow
PIC221.jpg,5,75,2652,593,260,197,cow,76,2637,818,242,273,cow,77,3315,597,308,193,cow,78,3342,805,396,118,cow,79,3218,907,435,187,cow
PIC222.jpg,5,80,2655,580,260,193,cow,81,2652,805,206,313,cow,82,3345,565,218,212,cow,83,3399,798,333,123,cow,84,3237,909,425,185,cow
PIC223.jpg,5,85,2703,600,209,186,cow,86,2528,816,387,186,cow,87,3354,600,224,188,cow,88,3402,800,354,117,cow,89,3182,905,477,162,cow
PIC224.jpg,5,90,2637,586,293,202,cow,91,2646,811,230,198,cow,92,3212,920,438,169,cow,93,3342,763,417,193,cow,94,3363,560,251,206,cow
PIC225.jpg,5,95,2631,595,302,180,cow,96,2498,811,399,169,cow,97,3255,898,398,165,cow,98,3351,783,420,136,cow,99,3360,576,215,201,cow
PIC226.jpg,5,100,2646,602,305,219,cow,101,2643,846,290,252,cow,102,3249,901,377,201,cow,103,3369,778,372,150,cow,104,3339,556,251,234,cow
PIC227.jpg,5,105,2616,580,275,151,cow,106,2769,704,146,344,cow,107,3354,589,236,190,cow,108,3354,798,387,132,cow,109,3255,931,414,147,cow
PIC228.jpg,5,110,2679,711,263,337,cow,111,2658,589,242,110,cow,112,3330,593,284,202,cow,113,3345,765,420,169,cow,114,3267,892,371,180,cow
PIC229.jpg,5,115,2700,706,233,355,cow,116,2628,573,257,113,cow,117,3372,602,218,182,cow,118,3351,811,432,132,cow,119,3261,896,398,195,cow
PIC230.jpg,5,120,2667,584,230,139,cow,121,2775,693,176,355,cow,122,3255,898,389,191,cow,123,3387,781,399,134,cow,124,3342,600,245,173,cow
PIC231.jpg,5,0,2682,584,212,152,cow,1,2607,728,356,318,cow,2,3264,898,383,196,cow,3,3420,800,315,123,cow,4,3369,597,215,198,cow
PIC232.jpg,5,5,2673,591,212,130,cow,6,2667,741,257,276,cow,7,3249,901,374,182,cow,8,3360,794,381,138,cow,9,3312,584,236,202,cow
PIC233.jpg,5,10,2676,589,215,136,cow,11,2634,752,305,270,cow,12,3321,597,260,182,cow,13,3336,798,393,123,cow,14,3224,907,432,219,cow
PIC234.jpg,5,15,2670,584,242,126,cow,16,2691,741,293,268,cow,17,3372,586,203,198,cow,18,3366,796,402,151,cow,19,3237,866,429,271,cow
PIC235.jpg,5,20,2706,586,200,169,cow,21,2598,711,371,280,cow,22,3342,602,272,180,cow,23,3360,802,372,126,cow,24,3243,890,419,201,cow
PIC236.jpg,5,25,2634,763,266,296,cow,26,2697,584,212,154,cow,27,3348,584,212,195,cow,28,3303,792,444,127,cow,29,3200,892,450,226,cow
PIC237.jpg,5,30,2670,735,263,293,cow,31,2625,569,278,134,cow,32,3324,595,224,193,cow,33,3351,807,399,112,cow,34,3182,890,465,219,cow
PIC238.jpg,5,35,2664,591,242,132,cow,36,2664,733,320,339,cow,37,3312,593,317,193,cow,38,3318,802,447,113,cow,39,3182,866,496,252,cow
PIC239.jpg,5,40,2676,567,236,140,cow,41,2607,733,383,361,cow,42,3318,606,293,193,cow,43,3357,813,402,119,cow,44,3188,872,456,278,cow
PIC240.jpg,5,45,2706,761,176,359,cow,46,2697,597,188,104,cow,47,3249,835,353,342,cow,48,3354,796,354,112,cow,49,3372,606,197,180,cow
PIC241.jpg,5,50,3258,890,332,212,cow,51,3396,794,339,110,cow,52,3381,610,203,165,cow,53,2682,689,254,352,cow,54,2673,597,209,73,cow
PIC242.jpg,5,55,2688,794,287,247,cow,56,2652,610,257,124,cow,57,3360,604,281,171,cow,58,3360,807,396,106,cow,59,3246,885,392,189,cow
PIC243.jpg,5,60,2649,593,233,130,cow,61,2790,704,170,322,cow,62,3324,591,275,182,cow,63,3363,798,363,121,cow,64,3179,857,477,219,cow
PIC244.jpg,5,65,2673,600,209,134,cow,66,2784,700,197,328,cow,67,3291,617,254,154,cow,68,3327,798,417,115,cow,69,3234,872,392,195,cow
PIC245.jpg,5,70,3215,859,396,235,cow,71,3402,783,336,140,cow,72,3288,613,260,156,cow,73,2691,595,239,143,cow,74,2607,754,365,241,cow
PIC246.jpg,5,75,2673,589,242,252,cow,76,2254,796,580,141,cow,77,3312,608,257,154,cow,78,3354,794,384,110,cow,79,3230,890,445,173,cow
PIC247.jpg,5,80,2604,576,350,258,cow,81,2296,816,532,195,cow,82,3227,877,420,254,cow,83,3369,778,360,128,cow,84,3288,613,251,190,cow
PIC248.jpg,5,85,2661,582,266,259,cow,86,2290,802,510,159,cow,87,3351,626,221,173,cow,88,3297,809,417,101,cow,89,3212,883,420,189,cow
PIC249.jpg,5,90,2694,567,197,256,cow,91,2299,820,514,149,cow,92,3288,624,296,155,cow,93,3384,796,390,125,cow,94,3234,885,383,172,cow
PIC250.jpg,5,95,2664,582,269,241,cow,96,2302,794,502,173,cow,97,3321,626,251,149,cow,98,3354,798,411,115,cow,99,3218,888,429,208,cow
PIC57.jpg,5,0,2502,621,391,316,cow,1,2697,560,322,302,cow,2,3315,584,454,228,cow,3,3249,813,511,224,cow,4,3366,1001,469,180,cow
PIC58.jpg,5,5,2484,619,415,280,cow,6,2715,580,310,293,cow,7,3297,600,439,201,cow,8,3294,809,487,245,cow,9,3339,992,487,187,cow
PIC59.jpg,5,10,2490,619,394,265,cow,11,2661,512,337,344,cow,12,3297,578,424,197,cow,13,3207,757,511,182,cow,14,3339,994,451,202,cow
PIC60.jpg,5,15,2541,586,358,313,cow,16,2745,538,244,322,cow,17,3315,593,433,186,cow,18,3258,781,451,173,cow,19,3372,994,406,211,cow
PIC61.jpg,5,20,2553,591,337,306,cow,21,2721,562,280,298,cow,22,3336,613,406,188,cow,23,3252,759,517,202,cow,24,3381,1010,403,208,cow
PIC62.jpg,5,25,2454,680,448,230,cow,26,2580,571,433,283,cow,27,3342,610,394,183,cow,28,3105,802,481,172,cow,29,3387,1001,373,213,cow
PIC63.jpg,5,30,2460,543,388,210,cow,31,2499,669,523,200,cow,32,3372,578,187,243,cow,33,3240,796,205,474,cow,34,3444,981,346,241,cow
PIC64.jpg,5,35,2457,536,394,200,cow,36,2496,672,508,190,cow,37,3360,595,196,235,cow,38,3246,809,220,411,cow,39,3453,979,328,241,cow
PIC65.jpg,5,40,2451,523,388,222,cow,41,2544,658,454,207,cow,42,3348,573,217,250,cow,43,3261,796,205,483,cow,44,3441,990,361,237,cow
PIC66.jpg,5,45,2481,532,343,204,cow,46,2520,650,469,230,cow,47,3348,600,223,223,cow,48,3237,802,217,455,cow,49,3456,979,361,250,cow
PIC67.jpg,5,50,2523,528,442,142,cow,51,2547,680,424,204,cow,52,3360,591,184,208,cow,53,3300,785,424,176,cow,54,3345,988,454,221,cow
PIC68.jpg,5,55,2580,521,328,160,cow,56,2556,678,436,215,cow,57,3375,584,163,215,cow,58,3336,796,457,138,cow,59,3372,990,403,221,cow
PIC69.jpg,5,60,2541,504,370,171,cow,61,2547,672,442,223,cow,62,3312,582,250,213,cow,63,3390,785,340,158,cow,64,3375,994,430,244,cow
PIC70.jpg,5,65,2528,527,288,182,cow,66,2504,692,488,218,cow,67,3327,593,222,188,cow,68,3356,800,369,143,cow,69,3386,1000,372,214,cow
PIC71.jpg,5,70,2501,527,300,168,cow,71,2504,689,482,223,cow,72,3324,595,222,194,cow,73,3351,765,389,194,cow,74,3377,993,384,213,cow
PIC72.jpg,5,75,2516,527,306,184,cow,76,2510,679,509,219,cow,77,3380,577,157,210,cow,78,3359,778,438,184,cow,79,3398,991,363,221,cow
PIC73.jpg,5,80,2489,515,342,245,cow,81,2522,675,485,217,cow,82,3330,593,213,200,cow,83,3327,800,404,143,cow,84,3416,1006,369,188,cow
PIC74.jpg,5,85,2498,515,333,227,cow,86,2489,689,527,197,cow,87,3356,585,172,206,cow,88,3321,788,393,153,cow,89,3345,1002,452,202,cow
PIC75.jpg,5,90,2525,525,303,211,cow,91,2531,696,452,196,cow,92,3365,597,184,184,cow,93,3351,786,398,173,cow,94,3383,1000,393,204,cow
PIC76.jpg,5,95,2465,509,420,204,cow,96,2492,704,500,198,cow,97,3365,572,181,229,cow,98,3300,807,434,138,cow,99,3368,995,411,217,cow
PIC77.jpg,5,0,2469,504,406,203,cow,1,2511,672,481,195,cow,2,3327,573,232,222,cow,3,3357,752,382,193,cow,4,3369,994,439,207,cow
PIC78.jpg,5,5,2517,528,325,210,cow,6,2484,689,517,208,cow,7,3321,558,253,230,cow,8,3321,785,409,158,cow,9,3381,986,421,204,cow
PIC79.jpg,5,10,2490,532,400,202,cow,11,2517,661,505,243,cow,12,3369,569,187,224,cow,13,3330,765,409,202,cow,14,3357,1008,430,182,cow
PIC80.jpg,5,15,2487,517,397,206,cow,16,2502,687,526,208,cow,17,3330,573,229,217,cow,18,3357,770,391,182,cow,19,3369,1005,442,196,cow
PIC81.jpg,5,20,2517,519,337,232,cow,21,2481,685,505,221,cow,22,3330,562,217,244,cow,23,3321,783,412,162,cow,24,3375,984,403,219,cow
PIC82.jpg,5,25,2517,543,346,199,cow,26,2508,693,478,206,cow,27,3357,576,202,217,cow,28,3372,768,370,195,cow,29,3351,990,460,213,cow
PIC83.jpg,5,30,2460,554,424,186,cow,31,2475,689,568,219,cow,32,3366,571,193,224,cow,33,3342,761,388,208,cow,34,3378,990,412,219,cow
PIC84.jpg,5,35,2472,545,412,184,cow,36,2487,674,517,234,cow,37,3369,580,178,223,cow,38,3321,754,418,220,cow,39,3363,984,418,236,cow
PIC85.jpg,5,40,2430,545,313,365,cow,41,2709,593,301,385,cow,42,3327,584,229,219,cow,43,3306,774,439,178,cow,44,3306,977,463,239,cow
PIC86.jpg,5,45,2445,562,286,346,cow,46,2667,628,343,328,cow,47,3348,589,199,210,cow,48,3348,776,409,193,cow,49,3369,981,448,237,cow
PIC87.jpg,5,50,2463,556,262,352,cow,51,2712,639,289,330,cow,52,3255,582,328,200,cow,53,3324,778,397,185,cow,54,3414,994,382,228,cow
PIC88.jpg,5,55,2427,567,352,354,cow,56,2664,621,343,331,cow,57,3324,580,235,213,cow,58,3330,772,391,175,cow,59,3372,986,409,232,cow
PIC89.jpg,5,60,2451,571,340,339,cow,61,2682,637,307,321,cow,62,3372,600,181,188,cow,63,3339,783,385,171,cow,64,3345,994,451,204,cow
PIC90.jpg,5,65,2409,552,385,369,cow,66,2700,626,283,343,cow,67,3330,593,229,193,cow,68,3255,772,478,162,cow,69,3366,1001,442,193,cow
PIC91.jpg,5,70,2460,567,334,350,cow,71,2706,632,277,329,cow,72,3351,606,184,191,cow,73,3348,761,379,197,cow,74,3354,994,430,196,cow
PIC92.jpg,5,75,2439,552,349,358,cow,76,2730,634,235,379,cow,77,3354,569,205,230,cow,78,3330,783,385,154,cow,79,3387,994,382,209,cow
PIC93.jpg,5,80,2460,545,289,396,cow,81,2709,641,262,368,cow,82,3336,586,229,224,cow,83,3279,776,445,165,cow,84,3381,964,400,250,cow
PIC94.jpg,5,85,2412,582,340,344,cow,86,2751,650,205,372,cow,87,3375,562,232,241,cow,88,3345,783,373,178,cow,89,3333,988,472,239,cow
PIC95.jpg,5,90,2441,546,312,368,cow,91,2716,661,238,385,cow,92,3345,568,210,225,cow,93,3380,770,348,169,cow,94,3404,983,390,233,cow
PIC96.jpg,5,95,2442,562,328,357,cow,96,2730,648,241,393,cow,97,3375,547,169,250,cow,98,3324,761,436,217,cow,99,3372,1001,412,215,cow

PIC500.jpg,3,0,1787,569,313,432,cow,1,2099,750,350,424,cow,2,2788,619,247,392,cow
PIC501.jpg,3,3,1618,585,421,386,cow,4,2049,741,339,411,cow,5,2714,646,326,387,cow
PIC502.jpg,3,3,1649,577,421,386,cow,4,2069,762,339,411,cow,5,2755,635,326,387,cow
PIC503.jpg,3,3,1652,578,421,386,cow,4,2072,768,339,411,cow,5,2761,632,326,387,cow
PIC504.jpg,3,6,1579,552,476,425,cow,7,2059,751,308,448,cow,8,2638,658,378,379,cow
PIC505.jpg,3,9,1595,611,463,348,cow,10,2078,768,299,396,cow,11,2664,655,381,392,cow
PIC506.jpg,3,9,1622,607,463,348,cow,10,2101,787,299,396,cow,11,2699,661,381,392,cow
PIC507.jpg,3,9,1623,607,463,348,cow,10,2105,787,299,396,cow,11,2704,661,381,392,cow
PIC508.jpg,3,9,1618,615,463,348,cow,10,2098,793,299,396,cow,11,2701,664,381,392,cow
PIC509.jpg,3,9,1619,616,463,348,cow,10,2095,794,299,396,cow,11,2702,663,381,392,cow
PIC510.jpg,3,9,1620,612,463,348,cow,10,2101,793,299,396,cow,11,2709,639,381,392,cow
PIC511.jpg,3,12,1692,592,366,409,cow,13,2049,756,320,475,cow,14,2569,711,405,410,cow
PIC512.jpg,3,12,1704,586,366,409,cow,13,2081,747,320,475,cow,14,2610,708,405,410,cow
PIC513.jpg,3,12,1705,586,366,409,cow,13,2087,747,320,475,cow,14,2622,708,405,410,cow
PIC514.jpg,3,15,1713,597,339,514,cow,16,2117,777,258,531,cow,17,2556,824,257,467,cow
PIC515.jpg,3,15,1730,586,339,514,cow,16,2159,749,258,531,cow,17,2564,828,257,467,cow
PIC516.jpg,3,15,1730,585,339,514,cow,16,2170,750,258,531,cow,17,2564,828,257,467,cow
PIC517.jpg,3,15,1731,585,339,514,cow,16,2171,749,258,531,cow,17,2564,829,257,467,cow
PIC518.jpg,3,18,1753,587,294,544,cow,19,2081,773,296,575,cow,20,2577,850,215,432,cow
PIC519.jpg,3,21,1721,601,324,541,cow,22,2120,768,255,565,cow,23,2585,833,223,437,cow
PIC520.jpg,3,24,2424,795,326,421,cow,25,2131,779,238,546,cow,26,1732,623,320,515,cow
PIC521.jpg,3,24,2435,831,326,421,cow,25,2168,743,238,546,cow,26,1748,662,320,515,cow
PIC522.jpg,3,24,2449,838,326,421,cow,25,2196,726,238,546,cow,26,1749,673,320,515,cow
PIC523.jpg,3,24,2468,838,326,421,cow,25,2195,701,250,573,cow,26,1731,630,336,541,cow
PIC524.jpg,3,27,1795,575,236,442,cow,28,2088,772,281,507,cow,29,2448,807,368,321,cow
PIC525.jpg,3,30,1798,599,270,524,cow,31,2112,763,276,545,cow,32,2437,848,355,438,cow
PIC526.jpg,3,30,1793,658,270,524,cow,31,2157,747,276,545,cow,32,2463,846,355,438,cow
PIC527.jpg,3,30,1792,660,270,524,cow,31,2172,728,276,545,cow,32,2469,845,355,438,cow
PIC528.jpg,2,33,2213,863,373,438,cow,34,2416,836,397,435,cow
PIC529.jpg,2,33,2248,846,373,438,cow,34,2394,840,397,435,cow
PIC530.jpg,2,33,2254,843,373,438,cow,34,2384,841,397,435,cow
PIC531.jpg,2,33,2233,845,373,438,cow,34,2358,830,397,435,cow
PIC532.jpg,2,35,2178,848,387,423,cow,36,2492,860,347,438,cow
PIC533.jpg,2,37,2537,839,302,442,cow,38,2244,911,366,436,cow
PIC534.jpg,2,37,2551,839,302,442,cow,38,2247,916,366,436,cow
PIC535.jpg,2,39,2250,839,331,427,cow,40,2527,823,299,449,cow
PIC536.jpg,2,39,2273,848,331,427,cow,40,2550,826,299,449,cow
PIC537.jpg,2,39,2277,848,331,427,cow,40,2556,827,299,449,cow
PIC538.jpg,2,41,2213,801,486,353,cow,42,2500,679,405,272,cow
PIC539.jpg,2,41,2236,827,486,353,cow,42,2517,695,405,272,cow
PIC540.jpg,2,41,2224,834,486,353,cow,42,2514,691,425,286,cow
PIC541.jpg,2,41,2207,826,510,371,cow,42,2515,692,425,286,cow
PIC542.jpg,2,41,2202,837,510,371,cow,42,2514,696,425,286,cow
PIC543.jpg,2,41,2199,837,510,371,cow,42,2518,699,425,286,cow
PIC544.jpg,2,43,2276,626,445,270,cow,44,2474,465,276,191,cow
PIC545.jpg,2,43,2226,619,445,270,cow,44,2487,463,276,191,cow
PIC546.jpg,2,43,2219,622,445,270,cow,44,2488,463,276,191,cow
PIC547.jpg,2,43,2225,631,424,257,cow,44,2489,464,276,191,cow
PIC548.jpg,2,45,2553,499,257,172,cow,46,2265,629,413,254,cow
PIC549.jpg,2,45,2514,500,257,172,cow,46,2217,633,413,254,cow
PIC550.jpg,2,47,2400,624,358,266,cow,48,2506,550,413,121,cow
PIC551.jpg,2,47,2404,617,358,266,cow,48,2504,550,413,121,cow
PIC552.jpg,2,47,2407,616,358,266,cow,48,2505,550,413,121,cow
PIC553.jpg,2,49,2469,486,350,160,cow,50,2379,611,431,260,cow
PIC554.jpg,2,49,2493,485,350,160,cow,50,2387,617,431,260,cow
PIC555.jpg,2,49,2495,485,350,160,cow,50,2391,618,431,260,cow
PIC556.jpg,2,49,2494,482,350,160,cow,50,2393,618,431,260,cow
PIC557.jpg,2,49,2494,483,350,160,cow,50,2393,618,431,260,cow
PIC558.jpg,2,49,2499,485,350,160,cow,50,2443,615,431,260,cow
PIC559.jpg,2,49,2499,485,350,160,cow,50,2436,614,431,260,cow
PIC560.jpg,2,49,2495,485,350,160,cow,50,2440,616,431,260,cow
PIC561.jpg,2,49,2495,485,350,160,cow,50,2443,617,431,260,cow
PIC562.jpg,4,51,2345,560,236,196,cow,52,3253,767,402,380,cow,53,2147,748,199,409,cow,54,1764,569,262,373,cow
PIC563.jpg,4,51,2359,567,236,196,cow,52,3257,795,402,380,cow,53,2153,747,199,409,cow,54,1794,580,262,373,cow
PIC564.jpg,4,55,1724,618,307,322,cow,56,2044,770,288,407,cow,57,2326,570,260,189,cow,58,3396,804,191,404,cow
PIC565.jpg,4,59,1742,572,287,368,cow,60,2059,740,292,439,cow,61,2400,543,189,209,cow,62,3198,779,460,415,cow
PIC566.jpg,4,59,1775,585,287,368,cow,60,2083,736,292,439,cow,61,2424,550,189,209,cow,62,3211,802,460,415,cow
PIC567.jpg,4,59,1777,584,287,368,cow,60,2090,734,292,439,cow,61,2430,551,189,209,cow,62,3331,814,460,415,cow
PIC568.jpg,4,63,3562,841,268,446,cow,64,2371,552,284,227,cow,65,2049,741,312,438,cow,66,1727,557,312,410,cow
PIC569.jpg,4,63,3547,823,268,446,cow,64,2397,550,284,227,cow,65,2087,734,312,438,cow,66,1754,569,312,410,cow
PIC570.jpg,3,67,2408,585,233,191,cow,68,2046,741,286,390,cow,69,1629,567,416,376,cow
PIC571.jpg,3,70,1798,560,247,409,cow,71,2305,526,244,279,cow,72,2073,750,283,395,cow
PIC572.jpg,3,70,1812,550,247,409,cow,71,2331,524,244,279,cow,72,2082,730,283,395,cow
PIC573.jpg,2,73,2279,518,259,282,cow,74,2669,563,358,274,cow
PIC574.jpg,2,73,2271,542,259,282,cow,74,2695,557,358,274,cow
PIC575.jpg,2,73,2270,544,259,282,cow,74,2702,556,358,274,cow
PIC576.jpg,2,73,2269,545,259,282,cow,74,2706,556,358,274,cow
PIC577.jpg,2,73,2268,544,259,282,cow,74,2704,555,358,274,cow
PIC578.jpg,2,73,2268,545,259,282,cow,74,2707,557,358,274,cow
PIC579.jpg,2,73,2267,546,259,282,cow,74,2705,558,358,274,cow
PIC580.jpg,1,75,2474,784,418,598,cow
PIC581.jpg,1,75,2521,765,418,598,cow
PIC582.jpg,1,75,2544,766,418,598,cow
PIC583.jpg,1,75,2553,766,418,598,cow
PIC584.jpg,1,75,2567,772,418,598,cow
PIC585.jpg,1,75,2579,772,418,598,cow
PIC586.jpg,2,76,2242,640,394,331,cow,77,2780,504,255,238,cow
PIC587.jpg,2,76,2255,652,394,331,cow,77,2792,497,255,238,cow
PIC588.jpg,2,76,2260,657,394,331,cow,77,2795,496,255,238,cow
PIC589.jpg,2,78,2775,555,292,235,cow,79,2247,672,342,268,cow
PIC590.jpg,2,78,2739,556,292,235,cow,79,2258,677,342,268,cow
PIC591.jpg,3,80,3493,792,337,392,cow,81,2749,658,278,365,cow,82,2313,714,265,267,cow
PIC592.jpg,3,80,3498,813,337,392,cow,81,2721,656,278,365,cow,82,2314,743,265,267,cow
PIC593.jpg,3,80,3502,820,337,392,cow,81,2716,656,278,365,cow,82,2316,756,265,267,cow
PIC594.jpg,3,83,2273,701,310,348,cow,84,2672,756,289,389,cow,85,3464,823,480,439,cow
PIC595.jpg,3,83,2265,756,310,348,cow,84,2658,752,289,389,cow,85,3415,837,480,439,cow
PIC596.jpg,3,83,2261,761,310,348,cow,84,2656,753,289,389,cow,85,3405,838,480,439,cow
PIC597.jpg,3,86,3525,824,278,516,cow,87,2720,743,259,377,cow,88,2297,685,270,330,cow
PIC598.jpg,3,86,3516,819,278,516,cow,87,2689,734,259,377,cow,88,2290,729,270,330,cow
PIC599.jpg,3,89,3557,860,526,367,cow,90,2685,846,252,355,cow,91,2334,651,223,425,cow
PIC600.jpg,3,89,3529,900,526,367,cow,90,2694,854,252,355,cow,91,2357,702,223,425,cow
PIC1844.jpg,4,0,3269,539,309,273,COW,1,3487,838,330,256,COW,2,2548,551,296,314,COW,3,2330,663,349,314,COW
PIC1845.jpg,4,4,3297,556,281,262,COW,5,3474,844,354,305,COW,6,2563,517,223,328,COW,7,2382,648,280,352,COW
PIC1846.jpg,4,8,3291,551,291,247,COW,9,3477,844,333,255,COW,10,2582,516,249,286,COW,11,2386,637,287,348,COW
PIC1847.jpg,4,12,3269,540,294,259,COW,13,3547,847,315,313,COW,14,2565,534,270,238,COW,15,2382,649,321,378,COW
PIC1848.jpg,4,16,3287,540,304,287,COW,17,3489,840,326,293,COW,18,2565,537,285,256,COW,19,2367,655,312,367,COW
PIC1849.jpg,4,20,3312,546,262,264,COW,21,3498,858,325,293,COW,22,2565,556,247,274,COW,23,2403,643,295,376,COW
PIC1850.jpg,4,24,3295,556,264,269,COW,25,3494,866,340,277,COW,26,2580,529,249,263,COW,27,2386,645,289,368,COW
PIC1851.jpg,4,28,2582,519,238,266,COW,29,3304,560,272,256,COW,30,3530,854,291,268,COW,31,2362,654,334,353,COW
PIC1852.jpg,4,32,3274,540,336,282,COW,33,3474,847,390,255,COW,34,2586,546,245,285,COW,35,2399,655,272,364,COW
PIC1853.jpg,4,36,3197,508,372,287,COW,37,3517,827,308,290,COW,38,2574,551,248,288,COW,39,2384,678,291,318,COW
PIC1854.jpg,4,40,3314,554,307,250,COW,41,3517,863,321,250,COW,42,2565,534,247,253,COW,43,2341,677,389,337,COW
PIC1855.jpg,4,44,3225,551,342,253,COW,45,3432,846,425,273,COW,46,2582,552,270,233,COW,47,2377,689,330,333,COW
PIC1856.jpg,4,48,3297,545,319,243,COW,49,3479,869,340,224,COW,50,2539,548,275,247,COW,51,2382,663,340,337,COW
PIC1857.jpg,4,52,3308,565,272,245,COW,53,3470,841,347,278,COW,54,2578,560,293,295,COW,55,2347,683,339,353,COW
PIC1858.jpg,4,56,3293,559,278,237,COW,57,3432,857,396,285,COW,58,2533,540,317,244,COW,59,2326,654,366,365,COW
PIC1859.jpg,4,60,3280,560,323,267,COW,61,3489,855,383,244,COW,62,2576,503,253,279,COW,63,2350,671,353,345,COW
PIC1860.jpg,4,64,3237,565,337,228,COW,65,3496,840,308,276,COW,66,2552,531,298,257,COW,67,2324,662,377,355,COW
PIC1861.jpg,4,68,3237,539,354,273,COW,69,3477,835,344,291,COW,70,2591,520,261,261,COW,71,2345,672,375,350,COW
PIC1862.jpg,4,72,3280,577,300,253,COW,73,3500,866,317,277,COW,74,2574,540,297,253,COW,75,2335,668,363,357,COW
PIC1863.jpg,4,76,3280,551,351,257,COW,77,3402,861,441,255,COW,78,2578,532,238,269,COW,79,2341,691,342,337,COW
PIC1864.jpg,4,80,3301,565,305,256,COW,81,3494,858,327,264,COW,82,2569,554,268,301,COW,83,2309,681,387,326,COW
PIC1865.jpg,4,84,3291,577,289,274,COW,85,3481,883,372,243,COW,86,2531,562,357,194,COW,87,2328,695,362,290,COW
PIC1866.jpg,4,88,3312,551,279,231,COW,89,3485,857,334,277,COW,90,2505,543,362,204,COW,91,2403,655,276,358,COW
PIC1867.jpg,4,92,3299,554,262,230,COW,93,3511,832,297,287,COW,94,2501,551,381,211,COW,95,2354,672,351,342,COW
PIC1868.jpg,4,96,3306,563,250,245,COW,97,3504,837,349,312,COW,98,2546,525,353,294,COW,99,2341,675,366,329,COW
PIC1869.jpg,4,100,3250,545,326,245,COW,101,3515,840,287,314,COW,102,2595,520,251,298,COW,103,2379,657,401,374,COW
PIC1870.jpg,4,104,3259,539,455,289,COW,105,3498,858,332,268,COW,106,2544,559,295,226,COW,107,2358,649,379,368,COW
PIC1871.jpg,4,108,3240,568,357,267,COW,109,3472,861,375,298,COW,110,2548,546,317,233,COW,111,2382,625,361,394,COW
PIC1872.jpg,4,112,3248,552,347,269,COW,113,3521,877,270,263,COW,114,2591,493,321,262,COW,115,2375,637,366,382,COW
PIC1873.jpg,4,116,3261,534,340,284,COW,117,3380,843,473,293,COW,118,2531,509,426,281,COW,119,2371,672,372,341,COW
PIC1874.jpg,4,120,3195,554,394,276,COW,121,3440,847,407,299,COW,122,2537,525,362,282,COW,123,2354,683,376,353,COW
PIC1875.jpg,4,124,3289,505,304,305,COW,125,3357,832,513,322,COW,126,2604,486,323,298,COW,127,2414,635,304,384,COW
PIC1876.jpg,4,128,3261,554,392,277,COW,129,3334,797,564,320,COW,130,2627,485,268,293,COW,131,2414,648,327,375,COW
PIC1877.jpg,4,132,2411,632,277,395,COW,133,2668,453,210,303,COW,134,3263,532,353,286,COW,135,3472,855,360,251,COW
PIC1878.jpg,4,136,3267,539,319,282,COW,137,3464,864,310,265,COW,138,2640,462,321,320,COW,139,2411,643,339,371,COW
PIC1879.jpg,4,140,3229,562,413,256,COW,141,3417,867,419,270,COW,142,2629,417,370,348,COW,143,2377,663,356,347,COW
PIC1880.jpg,4,144,3233,556,368,259,COW,145,3538,852,328,316,COW,146,2710,457,219,376,COW,147,2441,672,283,336,COW
PIC1881.jpg,4,148,3186,552,390,266,COW,149,3440,844,373,276,COW,150,2691,443,210,259,COW,151,2411,655,358,379,COW
PIC1882.jpg,4,152,3227,562,347,291,COW,153,3438,887,394,292,COW,154,2665,465,258,290,COW,155,2396,634,339,403,COW
PIC1883.jpg,4,156,3220,569,351,275,COW,157,3496,866,312,302,COW,158,2708,465,191,290,COW,159,2396,635,345,395,COW
PIC1884.jpg,4,160,3240,552,319,253,COW,161,3457,847,379,315,COW,162,2631,462,385,308,COW,163,2426,658,307,365,COW
PIC1885.jpg,4,164,2364,654,396,360,COW,165,2593,450,377,275,COW,166,3248,568,349,254,COW,167,3536,869,334,280,COW
PIC1886.jpg,4,168,3237,551,356,277,COW,169,3502,840,360,300,COW,170,2721,465,204,311,COW,171,2367,646,381,368,COW
PIC1887.jpg,4,172,3282,562,298,240,COW,173,3504,835,324,313,COW,174,2668,454,276,252,COW,175,2377,645,377,394,COW
PIC1888.jpg,4,176,2708,462,240,257,COW,177,2409,649,326,405,COW,178,3301,560,283,258,COW,179,3509,858,336,276,COW
PIC1889.jpg,4,180,3282,551,321,245,COW,181,3530,846,319,288,COW,182,2610,436,336,271,COW,183,2375,658,370,401,COW
PIC1890.jpg,4,184,3178,562,402,243,COW,185,3444,841,505,322,COW,186,2695,462,245,277,COW,187,2399,662,419,365,COW
PIC1891.jpg,4,188,3161,545,425,242,COW,189,3432,841,398,325,COW,190,2661,451,268,348,COW,191,2390,654,396,385,COW
PIC1892.jpg,4,192,3280,543,287,250,COW,193,3402,835,428,308,COW,194,2589,448,376,293,COW,195,2392,668,394,345,COW
PIC1893.jpg,4,196,3252,540,441,285,COW,197,3528,860,329,355,COW,198,2702,448,184,267,COW,199,2396,634,362,420,COW
PIC1894.jpg,4,200,3323,557,283,250,COW,201,3487,832,398,282,COW,202,2715,439,195,279,COW,203,2401,658,393,353,COW
PIC1895.jpg,4,204,3261,569,313,230,COW,205,3408,863,439,276,COW,206,2638,431,272,278,COW,207,2401,634,376,374,COW
PIC1896.jpg,4,208,3255,556,293,251,COW,209,3506,843,300,288,COW,210,2710,450,189,246,COW,211,2446,628,361,423,COW
PIC1897.jpg,4,212,3231,560,375,250,COW,213,3395,830,428,272,COW,214,2697,433,213,254,COW,215,2411,620,351,411,COW
PIC1898.jpg,4,216,3276,560,308,253,COW,217,3506,869,309,299,COW,218,2606,460,340,287,COW,219,2394,685,362,349,COW
PIC1899.jpg,4,220,3244,520,336,265,COW,221,3489,821,313,292,COW,222,2650,445,213,259,COW,223,2396,665,369,355,COW
PIC1900.jpg,4,224,2601,428,258,270,COW,225,2352,654,440,360,COW,226,3237,557,334,242,COW,227,3523,858,345,265,COW
PIC1901.jpg,4,228,3235,559,339,249,COW,229,3436,846,392,277,COW,230,2668,459,233,326,COW,231,2375,666,383,357,COW
PIC1902.jpg,4,232,3240,548,355,244,COW,233,3436,814,381,288,COW,234,2561,463,289,243,COW,235,2375,649,471,373,COW
PIC1903.jpg,4,236,3216,551,368,241,COW,237,3481,815,338,294,COW,238,2441,643,334,407,COW,239,2546,451,325,235,COW
PIC1904.jpg,4,240,3274,560,349,250,COW,241,3506,844,290,318,COW,242,2394,666,362,413,COW,243,2531,442,400,253,COW
PIC1905.jpg,4,244,3242,560,353,232,COW,245,3496,850,364,267,COW,246,2433,658,327,361,COW,247,2537,428,341,276,COW
PIC1906.jpg,4,248,3257,589,334,241,COW,249,3511,860,289,259,COW,250,2435,665,291,339,COW,251,2552,483,339,201,COW
PIC1907.jpg,4,252,3237,579,345,242,COW,253,3406,898,454,282,COW,254,2514,483,338,173,COW,255,2416,642,370,340,COW
PIC1908.jpg,4,256,3494,840,327,269,COW,257,3299,559,290,234,COW,258,2405,648,434,371,COW,259,2529,483,340,207,COW
PIC1909.jpg,4,260,3306,562,276,234,COW,261,3498,827,332,281,COW,262,2550,470,332,232,COW,263,2416,671,413,349,COW
PIC1910.jpg,4,264,3259,542,330,276,COW,265,3547,812,302,337,COW,266,2554,480,354,209,COW,267,2435,623,327,402,COW
PIC1911.jpg,4,268,2561,486,332,220,COW,269,3278,557,300,245,COW,270,3483,826,332,257,COW,271,2394,665,422,385,COW
PIC1912.jpg,4,272,3276,513,368,289,COW,273,3457,817,388,323,COW,274,2576,514,332,204,COW,275,2401,635,398,401,COW
PIC1913.jpg,4,276,3278,552,332,241,COW,277,3449,832,406,321,COW,278,2668,468,276,277,COW,279,2350,663,408,391,COW
PIC1914.jpg,4,280,3289,525,285,267,COW,281,3517,838,317,339,COW,282,2655,440,295,309,COW,283,2343,678,449,378,COW
PIC1915.jpg,4,284,3255,525,323,274,COW,285,3564,854,229,303,COW,286,2648,506,266,269,COW,287,2369,662,402,381,COW
PIC1916.jpg,4,288,3284,503,285,293,COW,289,3521,829,358,371,COW,290,2623,491,308,264,COW,291,2328,652,501,385,COW
PIC1917.jpg,4,292,3250,536,326,260,COW,293,3538,852,305,339,COW,294,2621,451,310,276,COW,295,2330,672,494,381,COW
PIC1918.jpg,4,296,3267,540,315,275,COW,297,3534,877,240,242,COW,298,2631,470,334,277,COW,299,2345,672,449,394,COW
PIC1919.jpg,4,300,3293,548,308,267,COW,301,3466,843,398,310,COW,302,2625,474,351,248,COW,303,2364,672,426,375,COW
PIC1920.jpg,4,304,3244,559,330,245,COW,305,3489,875,304,282,COW,306,2640,462,317,267,COW,307,2375,662,385,383,COW
PIC1921.jpg,4,308,3272,546,304,275,COW,309,3453,841,364,302,COW,310,2659,468,266,279,COW,311,2354,662,438,394,COW
PIC1922.jpg,4,312,3265,549,362,255,COW,313,3442,826,396,305,COW,314,2697,489,273,290,COW,315,2315,691,539,380,COW
PIC1923.jpg,4,316,3319,559,257,265,COW,317,3425,844,405,321,COW,318,2646,471,304,273,COW,319,2258,700,569,330,COW
PIC1924.jpg,4,320,3297,566,353,238,COW,321,3451,863,383,265,COW,322,2685,474,287,284,COW,323,2335,705,492,314,COW
PIC1925.jpg,4,324,3282,545,343,276,COW,325,3404,844,404,309,COW,326,2663,468,383,304,COW,327,2352,723,451,324,COW
PIC1926.jpg,4,328,3276,546,304,256,COW,329,3449,832,381,322,COW,330,2606,494,357,236,COW,331,2322,695,496,355,COW
PIC1927.jpg,5,332,3255,563,321,244,COW,333,3444,841,416,313,COW,334,3227,995,426,283,COW,335,2657,496,317,234,COW,336,2352,694,475,343,COW
PIC1928.jpg,5,337,3265,568,296,250,COW,338,3502,858,321,305,COW,339,3184,981,471,281,COW,340,2657,462,304,300,COW,341,2326,665,501,365,COW
PIC1929.jpg,5,342,3242,559,329,253,COW,343,3430,880,410,262,COW,344,3154,998,526,325,COW,345,2332,701,492,333,COW,346,2614,460,315,344,COW
PIC1930.jpg,5,347,3331,545,275,288,COW,348,3472,844,356,273,COW,349,3201,978,475,284,COW,350,2627,485,362,282,COW,351,2345,669,428,378,COW
PIC1931.jpg,5,352,3282,534,307,258,COW,353,3491,815,360,328,COW,354,3263,987,377,268,COW,355,2661,494,321,247,COW,356,2275,694,530,366,COW
PIC1932.jpg,5,357,2625,459,291,286,COW,358,2313,701,486,321,COW,359,3278,589,259,224,COW,360,3511,863,329,274,COW,361,3105,973,520,302,COW
PIC1933.jpg,5,362,3276,574,313,247,COW,363,3564,854,225,280,COW,364,3112,986,536,343,COW,365,2638,439,355,323,COW,366,2461,652,348,416,COW
PIC1934.jpg,5,367,3201,543,394,261,COW,368,3489,832,351,270,COW,369,3092,970,571,308,COW,370,2621,442,370,311,COW,371,2388,643,481,413,COW
PIC1935.jpg,5,372,3265,529,341,276,COW,373,3526,824,302,285,COW,374,3199,938,449,342,COW,375,2655,477,334,313,COW,376,2386,660,447,394,COW
PIC1936.jpg,5,377,2354,698,477,304,COW,378,2650,480,296,272,COW,379,3366,563,233,278,COW,380,3549,863,291,265,COW,381,3197,960,479,311,COW
PIC1937.jpg,5,382,3272,576,378,271,COW,383,3558,855,278,311,COW,384,3257,993,404,296,COW,385,2627,470,351,251,COW,386,2309,737,554,297,COW
PIC1938.jpg,5,387,3263,531,368,274,COW,388,3449,832,404,274,COW,389,3197,943,421,300,COW,390,2676,423,332,322,COW,391,2332,741,488,324,COW
PIC1939.jpg,5,392,3227,559,321,229,COW,393,3521,858,326,271,COW,394,3214,987,441,290,COW,395,2591,474,357,270,COW,396,2315,705,488,352,COW
PIC1940.jpg,5,397,3276,565,342,254,COW,398,3491,734,313,411,COW,399,3282,952,339,313,COW,400,2653,520,267,255,COW,401,2305,737,671,305,COW
PIC1941.jpg,5,402,3278,549,306,278,COW,403,3485,731,306,363,COW,404,3269,966,358,300,COW,405,2584,500,407,278,COW,406,2283,735,725,336,COW
PIC1942.jpg,5,407,3261,496,274,291,COW,408,3596,760,253,475,COW,409,3289,1015,355,331,COW,410,2665,506,272,227,COW,411,2416,660,440,403,COW
PIC1943.jpg,5,412,3272,549,280,290,COW,413,3590,738,278,534,COW,414,3263,976,358,341,COW,415,2627,465,357,313,COW,416,2431,665,398,385,COW
PIC1944.jpg,5,417,3329,549,251,287,COW,418,3532,761,362,491,COW,419,3276,983,381,372,COW,420,2661,476,270,286,COW,421,2428,666,418,445,COW
PIC1945.jpg,5,422,3272,556,295,252,COW,423,3564,792,323,394,COW,424,3227,989,396,334,COW,425,2676,500,432,330,COW,426,2463,658,464,476,COW
PIC1946.jpg,5,427,3334,565,199,242,COW,428,3598,734,313,455,COW,429,3340,981,244,354,COW,430,2422,663,390,348,COW,431,2685,488,289,284,COW
PIC1947.jpg,5,432,3312,563,266,250,COW,433,3577,812,310,397,COW,434,3205,992,373,339,COW,435,2687,476,293,293,COW,436,2341,649,477,456,COW
PIC1948.jpg,5,437,3214,563,355,259,COW,438,3577,795,327,445,COW,439,3240,963,404,312,COW,440,2668,476,366,309,COW,441,2330,694,531,351,COW
PIC1949.jpg,5,442,3269,600,294,247,COW,443,3568,837,321,429,COW,444,3248,972,336,346,COW,445,2646,457,334,301,COW,446,2326,668,550,386,COW
PIC1950.jpg,5,447,3227,560,357,304,COW,448,3451,844,347,570,COW,449,3171,966,424,332,COW,450,2621,457,389,304,COW,451,2328,668,522,457,COW
PIC1951.jpg,5,452,3287,560,287,253,COW,453,3575,832,242,531,COW,454,3225,978,404,328,COW,455,2371,680,447,413,COW,456,2668,489,302,316,COW
PIC1952.jpg,5,457,3267,571,317,270,COW,458,3594,824,178,514,COW,459,3129,1026,453,286,COW,460,2712,442,328,313,COW,461,2328,697,522,428,COW
PIC1953.jpg,4,462,3237,559,343,279,COW,463,3573,830,210,515,COW,464,2663,496,283,302,COW,465,2128,738,816,401,COW
PIC1954.jpg,5,466,2689,494,276,285,COW,467,2162,775,603,338,COW,468,3498,812,287,556,COW,469,3148,984,421,261,COW,470,3312,548,264,265,COW
PIC1955.jpg,5,471,2228,818,613,295,COW,472,2663,496,353,259,COW,473,3297,537,292,318,COW,474,3543,880,282,468,COW,475,3148,1006,417,226,COW
PIC1956.jpg,5,476,3263,526,343,272,COW,477,3583,806,208,580,COW,478,3150,966,441,359,COW,479,2198,841,524,442,COW,480,2648,457,341,293,COW
PIC1957.jpg,5,481,3246,539,349,288,COW,482,3532,787,289,624,COW,483,3180,1009,426,343,COW,484,2618,474,450,325,COW,485,2234,705,445,570,COW
PIC1958.jpg,5,486,3372,817,481,567,COW,487,3165,534,456,288,COW,488,2653,460,323,319,COW,489,2174,781,503,525,COW,490,3148,970,408,313,COW
PIC1959.jpg,5,491,3295,568,396,259,COW,492,3566,787,272,602,COW,493,2691,445,338,380,COW,494,2147,818,581,517,COW,495,3067,963,504,312,COW
PIC1960.jpg,5,496,2665,470,366,346,COW,497,3289,532,295,275,COW,498,3579,824,238,576,COW,499,3158,926,520,385,COW,500,2170,829,494,446,COW
PIC1961.jpg,5,501,2642,427,308,323,COW,502,3210,534,366,339,COW,503,3468,854,287,526,COW,504,2207,795,438,491,COW,505,3009,926,560,392,COW
PIC1962.jpg,5,506,2601,465,424,310,COW,507,3233,516,319,299,COW,508,3543,803,235,566,COW,509,3133,975,505,399,COW,510,2134,840,464,417,COW
PIC1963.jpg,5,511,2657,471,291,270,COW,512,3323,557,261,258,COW,513,3551,826,253,538,COW,514,2160,818,442,414,COW,515,3240,979,351,341,COW
PIC1964.jpg,5,516,3246,540,338,282,COW,517,3562,855,242,605,COW,518,2119,841,488,448,COW,519,2638,433,285,369,COW,520,3173,961,388,281,COW
PIC1965.jpg,5,521,2700,476,280,256,COW,522,3321,534,240,278,COW,523,3536,829,234,549,COW,524,2164,777,428,488,COW,525,3118,975,458,325,COW
PIC1966.jpg,5,526,3269,540,322,267,COW,527,3566,820,234,664,COW,528,3190,1015,341,220,COW,529,2187,814,426,515,COW,530,2691,465,276,299,COW
PIC1967.jpg,5,531,3267,526,296,261,COW,532,3543,820,246,511,COW,533,2177,821,481,524,COW,534,2618,499,443,280,COW,535,3223,938,357,382,COW
PIC1968.jpg,5,536,3297,532,279,290,COW,537,3432,830,370,447,COW,538,2228,804,372,502,COW,539,2631,471,381,350,COW,540,3129,964,462,391,COW
PIC1969.jpg,4,541,3310,563,285,255,COW,542,3504,849,341,506,COW,543,2648,466,373,384,COW,544,2136,778,494,422,COW
PIC1970.jpg,4,545,3257,546,381,258,COW,546,3344,835,456,523,COW,547,2672,456,300,337,COW,548,2140,761,445,485,COW
IMG_50000.jpg,4,0,813,353,101,208,cow,1,901,497,174,213,cow,2,1241,392,163,166,cow,3,23,570,134,244,cow
IMG_50001.jpg,4,0,815,360,101,208,cow,1,904,509,174,213,cow,2,1240,392,163,166,cow,3,23,567,134,244,cow
IMG_50003.jpg,4,0,812,350,106,218,cow,1,899,480,174,213,cow,2,1242,393,163,166,cow,3,30,562,134,244,cow
IMG_50004.jpg,3,4,688,310,104,213,cow,5,813,400,121,214,cow,6,1097,365,117,130,cow
IMG_50005.jpg,3,7,686,317,108,192,cow,8,773,428,140,182,cow,9,1058,342,142,136,cow
IMG_50006.jpg,3,10,1191,669,335,213,cow,11,1443,835,264,346,cow,12,1861,552,118,197,cow
IMG_50007.jpg,4,13,811,353,107,229,cow,14,895,481,179,231,cow,15,1231,398,182,161,cow,16,18,568,148,240,cow
IMG_50008.jpg,4,13,817,365,107,229,cow,14,900,492,179,231,cow,15,1231,398,182,161,cow,16,19,568,148,240,cow
IMG_50009.jpg,4,17,812,347,83,218,cow,18,901,497,219,170,cow,19,1236,392,164,160,cow,20,24,562,137,233,cow
IMG_50010.jpg,4,17,817,356,83,218,cow,18,883,529,219,170,cow,19,1234,394,164,160,cow,20,21,570,137,233,cow
IMG_50011.jpg,4,17,820,360,79,208,cow,18,874,530,230,178,cow,19,1234,394,164,160,cow,20,20,571,137,233,cow
IMG_50012.jpg,4,21,20,557,140,257,cow,22,1233,384,188,193,cow,23,814,365,123,207,cow,24,834,446,297,197,cow
IMG_50013.jpg,4,21,26,555,140,257,cow,22,1233,383,188,193,cow,23,817,367,123,207,cow,24,819,444,297,197,cow
IMG_50014.jpg,4,25,2,554,168,247,cow,26,814,395,153,132,cow,27,858,500,228,174,cow,28,1235,392,178,169,cow
IMG_50015.jpg,4,29,812,363,157,225,cow,30,936,484,221,235,cow,31,1234,394,172,167,cow,32,12,570,163,235,cow
IMG_50016.jpg,4,33,20,574,140,238,cow,34,810,392,105,173,cow,35,917,491,232,183,cow,36,1235,386,233,156,cow
IMG_50017.jpg,3,37,1185,652,317,252,cow,38,1422,844,278,333,cow,39,1840,547,153,291,cow
IMG_50018.jpg,2,40,377,200,78,111,cow,41,446,264,117,122,cow
IMG_50019.jpg,4,42,7,557,156,260,cow,43,818,378,103,183,cow,44,918,490,211,194,cow,45,1245,395,160,152,cow
IMG_50020.jpg,2,46,379,194,65,117,cow,47,423,240,156,141,cow
IMG_50021.jpg,4,48,809,352,115,193,cow,49,897,498,184,209,cow,50,1234,391,205,184,cow,51,24,571,146,246,cow
IMG_50022.jpg,3,52,310,922,286,464,cow,53,582,929,310,509,cow,54,24,918,176,431,cow
IMG_50023.jpg,2,55,1161,619,314,446,cow,56,1446,667,181,263,cow
IMG_50024.jpg,2,57,378,215,79,101,cow,58,480,241,104,109,cow
IMG_50025.jpg,2,59,688,305,110,219,cow,60,808,400,152,227,cow
IMG_50026.jpg,4,61,16,555,131,302,cow,62,807,359,115,183,cow,63,902,500,189,209,cow,64,1228,385,191,154,cow
IMG_50027.jpg,3,65,318,903,286,496,cow,66,583,933,370,501,cow,67,12,949,215,334,cow
IMG_50028.jpg,2,68,378,216,85,106,cow,69,480,243,105,112,cow


